5.248088	5.248088	
8.030436	8.030436	
9.411150	9.411150	
10.415306	10.415306	
11.492681	11.492681	
13.553292	13.553292	
16.178741	16.178741	
18.804190	18.804190	
20.111684	20.111684	
21.084460	21.084460	
22.119995	22.119995	
24.107387	24.107387	
26.701456	26.701456	
29.285065	29.285065	
30.623939	30.623939	
31.931433	31.931433	
32.883289	32.883289	
33.859903	33.859903	0
34.225194	34.225194	0
34.731620	34.731620	
37.057099	37.057099	
39.635478	39.635478	
42.219087	42.219087	
43.510891	43.510891	
44.797466	44.797466	
45.770242	45.770242	
46.722098	46.722098	0
47.150956	47.150956	0
47.653034	47.653034	
48.599660	48.599660	
50.424922	50.424922	0
50.682456	50.682456	0
50.967085	50.967085	
51.920301	51.920301	
53.581857	53.581857	
55.419099	55.419099	0
55.636547	55.636547	0
55.933069	55.933069	
56.895115	56.895115	
58.562223	58.562223	
62.484777	62.484777	
67.756835	67.756835	
70.392837	70.392837	
74.942918	74.942918	
76.569441	76.569441	
77.631126	77.631126	
78.980460	78.980460	
4.459897	4.459897	
7.653878	7.653878	
9.076431	9.076431	
11.126583	11.126583	
12.831555	12.831555	
15.519764	15.519764	
18.438091	18.438091	
19.808345	19.808345	
21.743437	21.743437	
23.427490	23.427490	
26.042478	26.042478	
28.929426	28.929426	
30.268300	30.268300	
32.548570	32.548570	
33.527820	33.527820	
34.017642	34.017642	0
34.374631	34.374631	0
35.105214	35.105214	
36.366742	36.366742	
38.966041	38.966041	
41.863449	41.863449	
43.134333	43.134333	
45.409373	45.409373	
46.397839	46.397839	
46.926067	46.926067	0
47.360155	47.360155	0
47.919762	47.919762	
50.549818	50.549818	0
50.786226	50.786226	0
51.273350	51.273350	
52.265961	52.265961	
55.521234	55.521234	0
55.765040	55.765040	0
56.252652	56.252652	
57.231172	57.231172	
61.430480	61.430480	
63.822005	63.822005	
66.739831	66.739831	
69.059193	69.059193	
72.997366	72.997366	
77.270258	77.270258	
78.980460	78.980460	
