4.675600	4.675600	0
4.927257	4.927257	0
5.445104	5.445104	
6.403856	6.403856	
8.407362	8.407362	
10.070903	10.070903	
11.297193	11.297193	0
11.758448	11.758448	0
12.819335	12.819335	
15.310113	15.310113	
18.036927	18.036927	
19.308674	19.308674	
21.661075	21.661075	
23.990710	23.990710	0
24.301003	24.301003	0
24.627160	24.627160	
25.417230	25.417230	
27.308931	27.308931	
28.910145	28.910145	
29.941380	29.941380	0
30.715630	30.715630	0
31.529415	31.529415	
33.922671	33.922671	
36.588762	36.588762	
37.768257	37.768257	
40.133837	40.133837	
42.706982	42.706982	
43.902950	43.902950	
46.196047	46.196047	
48.489755	48.489755	
49.896583	49.896583	
52.222626	52.222626	
54.409649	54.409649	
55.747289	55.747289	
57.994260	57.994260	
60.099560	60.099560	
61.387780	61.387780	
63.417302	63.417302	
65.321627	65.321627	
66.537364	66.537364	
68.398858	68.398858	
70.204342	70.204342	
71.331122	71.331122	
73.212384	73.212384	
75.009302	75.009302	
76.155851	76.155851	
77.921799	77.921799	
79.618559	79.618559	
80.735455	80.735455	
82.313607	82.313607	
83.792812	83.792812	
84.761448	84.761448	
86.269705	86.269705	
87.673239	87.673239	
88.602338	88.602338	
90.091533	90.091533	
91.423099	91.423099	
92.299484	92.299484	
93.712901	93.712901	
95.063720	95.063720	
95.949988	95.949988	
97.274449	97.274449	
98.546196	98.546196	
99.435759	99.435759	
100.342973	100.342973	
4.789408	4.789408	0
5.058951	5.058951	0
5.930795	5.930795	
8.015358	8.015358	
9.664107	9.664107	
10.862308	10.862308	
11.494874	11.494874	0
12.325133	12.325133	0
14.486443	14.486443	
18.854008	18.854008	
20.903298	20.903298	
24.108119	24.108119	0
24.468352	24.468352	0
24.994558	24.994558	
26.890507	26.890507	
28.521373	28.521373	
29.674511	29.674511	
30.340036	30.340036	0
31.110991	31.110991	0
33.138537	33.138537	
37.346538	37.346538	
39.343114	39.343114	
43.500999	43.500999	
45.438271	45.438271	
48.845580	48.845580	
51.431903	51.431903	
54.775358	54.775358	
57.239778	57.239778	
60.465270	60.465270	
62.764956	62.764956	
65.644506	65.644506	
67.772868	67.772868	
70.484390	70.484390	
72.589690	72.589690	
75.289350	75.289350	
77.325462	77.325462	
79.931553	79.931553	
81.793047	81.793047	
84.092628	84.092628	
85.726083	85.726083	
87.926929	87.926929	
89.607215	89.607215	
91.699852	91.699852	
93.228583	93.228583	
95.333883	95.333883	
96.842846	96.842846	
98.813065	98.813065	
100.342973	100.342973	
