6.616379	6.616379	0
7.022301	7.022301	0
7.908830	7.908830	
10.479811	10.479811	
13.400283	13.400283	0
13.785665	13.785665	0
14.633506	14.633506	
17.137111	17.137111	
19.932735	19.932735	0
20.312468	20.312468	0
21.094850	21.094850	
23.556571	23.556571	
26.244167	26.244167	0
26.614080	26.614080	0
27.399735	27.399735	
29.818900	29.818900	
32.578515	32.578515	0
32.938607	32.938607	0
33.704621	33.704621	
36.113964	36.113964	
38.831023	38.831023	0
39.223851	39.223851	0
39.996412	39.996412	
42.366473	42.366473	
44.975504	44.975504	
46.576277	46.576277	
47.640185	47.640185	
48.815395	48.815395	
6.177721	6.177721	
6.740774	6.740774	0
7.480600	7.480600	
9.654507	9.654507	
12.990127	12.990127	
13.537920	13.537920	0
14.217844	14.217844	
16.312172	16.312172	
19.543180	19.543180	
20.073498	20.073498	0
20.695475	20.695475	
22.738180	22.738180	
25.854613	25.854613	
26.404572	26.404572	0
27.000361	27.000361	
29.026697	29.026697	
32.162772	32.162772	
32.712731	32.712731	0
33.334708	33.334708	
35.298847	35.298847	
38.451289	38.451289	
38.997975	38.997975	0
39.583943	39.583943	
41.580817	41.580817	
44.566308	44.566308	
46.193270	46.193270	
47.253905	47.253905	
48.815395	48.815395	
