6.760738	6.760738	
7.799780	7.799780	
8.862118	8.862118	
9.682169	9.682169	
10.935542	10.935542	
11.699681	11.699681	
12.952674	12.952674	
13.758747	13.758747	
15.044736	15.044736	
16.037184	16.037184	
17.094863	17.094863	
17.910255	17.910255	
19.182266	19.182266	
19.960382	19.960382	
21.278987	21.278987	
22.099038	22.099038	
23.387313	23.387313	
24.407717	24.407717	
25.465396	25.465396	
26.313403	26.313403	
27.838137	27.838137	
28.662848	28.662848	
30.009408	30.009408	
30.824800	30.824800	
31.943051	31.943051	
32.968115	32.968115	
34.054824	34.054824	
34.865556	34.865556	
36.132908	36.132908	
36.971596	36.971596	
38.238947	38.238947	
39.096273	39.096273	
40.384010	40.384010	
41.413733	41.413733	
42.794110	42.794110	
43.637458	43.637458	
44.713775	44.713775	
45.724860	45.724860	
46.857416	46.857416	
47.654170	47.654170	
48.944818	48.944818	
49.834760	49.834760	
51.106770	51.106770	
51.964096	51.964096	
52.746872	52.746872	
53.776595	53.776595	
55.431734	55.431734	0
55.639288	55.639288	0
55.864032	55.864032	
56.421025	56.421025	
57.512139	57.512139	
58.346321	58.346321	
59.619141	59.619141	
60.439516	60.439516	
61.731031	61.731031	
62.551406	62.551406	
63.833036	63.833036	
64.857681	64.857681	
66.203121	66.203121	
66.993844	66.993844	
68.093070	68.093070	
69.117715	69.117715	
70.185191	70.185191	
71.012156	71.012156	
73.326838	73.326838	
7.054279	7.054279	
9.411925	9.411925	
11.452734	11.452734	
13.483844	13.483844	
15.310321	15.310321	
17.630692	17.630692	
19.713435	19.713435	
21.828794	21.828794	
23.671535	23.671535	
26.019863	26.019863	
28.364647	28.364647	
30.563875	30.563875	
32.227273	32.227273	
34.590653	34.590653	
36.701352	36.701352	
38.830689	38.830689	
40.682210	40.682210	
43.348576	43.348576	
44.993337	44.993337	
47.365288	47.365288	
49.536559	49.536559	
51.689193	51.689193	
53.040413	53.040413	
55.525337	55.525337	0
55.739762	55.739762	0
56.135991	56.135991	
56.687754	56.687754	
58.087437	58.087437	
60.169353	60.169353	
62.284537	62.284537	
64.113084	64.113084	
66.743449	66.743449	
68.389591	68.389591	
70.738697	70.738697	
72.295604	72.295604	0
73.326838	73.326838	
